g01 1 1 0 0 2 2 0 0 2 2 0 0 2 2 0 0 2 2 0 0 2 2 0 0 2 2 0 0 2 2 0 0 0 2 2 0 0 2 2 0 0 2 2 0 0 2 2 0 0 2 2 
g02 0 1 0 0 0 2 2 0 0 2 2 0 0 2 2 0 0 2 2 0 0 2 2 0 0 2 2 0 0 2 2 0 0 1 2 2 0 0 2 2 0 0 2 2 0 0 2 2 0 0 2 
g03 0 1 2 0 0 2 2 0 0 2 2 0 0 2 2 0 0 2 2 0 0 2 2 0 0 2 2 0 0 2 2 0 0 0 2 2 0 0 2 2 0 0 2 2 0 0 2 2 0 0 2 
g04 0 0 1 1 0 0 0 2 0 0 2 2 0 0 2 2 0 0 2 2 0 0 2 2 0 0 2 2 0 0 2 2 2 0 0 2 2 0 0 2 2 0 0 2 2 0 0 2 2 0 0 
g05 0 0 2 2 0 0 2 2 0 0 2 2 0 0 2 2 0 0 2 2 0 0 2 2 0 0 2 2 0 0 2 2 2 0 0 2 2 0 0 2 2 0 0 2 2 0 0 2 2 0 0 
g06 0 0 1 2 0 0 2 2 0 0 2 2 0 0 2 2 0 0 2 2 0 0 2 2 0 0 2 2 0 0 2 2 2 0 0 2 2 0 0 2 2 0 0 2 2 0 0 2 2 0 0 
g07 0 0 0 2 2 0 0 2 2 0 0 2 2 0 0 2 2 0 0 2 2 0 0 2 2 0 0 2 2 0 0 0 2 2 0 0 2 2 0 0 2 2 0 0 2 2 0 0 2 2 0 
g08 1 1 0 0 2 2 0 0 2 2 0 0 2 2 0 0 2 2 0 0 2 2 0 0 2 2 0 0 2 2 0 0 2 2 0 0 2 2 0 0 2 2 0 0 0 1 2 2 0 0 2 
g09 0 1 2 1 0 1 2 1 0 1 2 1 0 1 2 1 0 1 2 1 0 1 2 1 0 1 2 1 0 1 2 1 0 2 2 1 0 2 2 1 0 2 2 1 0 0 1 2 2 1 0 
g10 0 1 2 1 0 1 2 1 0 1 2 1 0 1 2 1 0 1 2 1 0 1 2 1 0 1 2 1 0 2 2 0 0 1 2 0 0 1 2 0 0 1 2 0 0 0 0 1 2 0 0 
g11 0 0 1 2 1 0 1 2 1 0 1 2 1 0 1 2 1 0 1 2 1 0 1 2 1 0 1 2 1 0 1 1 0 0 1 1 0 0 1 1 0 0 1 1 0 0 0 0 1 1 0 
g12 0 0 1 2 1 0 1 2 1 0 1 2 1 0 1 2 1 0 1 2 1 0 1 2 1 0 1 2 1 0 2 2 1 1 2 2 1 1 2 2 1 1 2 2 1 1 1 1 2 2 1 
